144,6
144,5
144,4
144,3
144,2
144,1
143,6
143,5
143,4
143,3
143,2
143,1
142,4
142,3
142,2
142,1
4294967294,431
4294967279,341
4294967294,1155
4294967294,442
141,6
141,5
141,4
141,3
141,2
141,1
140,6
140,5
140,4
140,3
140,2
140,1
139,4
139,3
139,2
139,1
4294967279,340
138,6
138,5
138,4
138,3
138,2
138,1
137,6
137,5
137,4
137,3
137,2
137,1
136,4
136,3
136,2
136,1
135,6
135,5
135,4
135,3
135,2
135,1
134,6
134,5
134,4
134,3
134,2
134,1
133,4
133,3
133,2
133,1
4294967278,402
4294967278,401
132,6
132,5
132,4
132,3
132,2
132,1
131,6
131,5
131,4
131,3
131,2
131,1
4294967279,339
130,4
130,3
130,2
130,1
4294967278,400
4294967278,399
4294967278,398
129,6
129,5
129,4
129,3
129,2
129,1
128,6
128,5
128,4
128,3
128,2
128,1
127,4
127,3
127,2
127,1
4294967278,397
4294967278,396
126,6
126,5
126,4
126,3
126,2
126,1
125,6
125,5
125,4
125,3
125,2
125,1
124,4
124,3
124,2
124,1
4294967278,395
4294967279,338
123,6
123,5
123,4
123,3
123,2
123,1
122,6
122,5
122,4
122,3
122,2
122,1
121,4
121,3
121,2
121,1
120,6
120,5
120,4
120,3
120,2
120,1
119,6
119,5
119,4
119,3
119,2
119,1
118,4
118,3
118,2
118,1
4294967278,394
4294967279,337
4294967278,393
117,6
117,5
117,4
117,3
117,2
117,1
4294967294,1369
116,6
116,5
116,4
116,3
116,2
116,1
115,4
115,3
115,2
115,1
4294967278,392
4294967294,440
4294967294,471
4294967293,131
4294967293,130
4294967293,129
4294967293,128
4294967293,127
4294967293,126
4294967293,125
4294967293,124
4294967293,123
4294967293,122
4294967293,121
4294967293,120
4294967293,119
4294967293,118
4294967293,117
4294967293,116
4294967293,115
4294967293,114
4294967293,113
4294967293,112
4294967293,111
4294967293,110
4294967293,109
4294967293,108
4294967293,107
4294967293,106
4294967293,105
4294967293,104
4294967293,103
4294967293,102
4294967293,101
4294967293,100
4294967293,99
4294967293,98
4294967293,97
4294967293,96
4294967293,95
4294967293,94
4294967293,93
4294967293,92
4294967293,91
4294967293,90
4294967293,89
4294967293,88
4294967293,87
4294967293,86
4294967293,85
4294967293,84
4294967293,83
4294967293,82
4294967293,81
4294967293,80
4294967293,79
4294967293,78
4294967293,77
4294967293,76
4294967293,75
4294967293,74
4294967293,73
4294967293,72
4294967293,71
4294967293,70
4294967293,69
4294967293,68
4294967293,67
4294967293,66
4294967293,65
4294967293,64
4294967293,63
4294967293,62
4294967293,61
4294967293,60
4294967293,59
4294967293,58
4294967293,57
4294967293,56
4294967293,55
4294967293,54
4294967293,53
4294967293,52
4294967293,51
4294967293,50
4294967293,49
4294967293,48
4294967293,47
4294967293,46
4294967293,45
4294967293,44
4294967293,43
4294967293,42
4294967293,41
4294967293,40
4294967293,39
4294967293,38
4294967293,37
4294967293,36
4294967293,35
4294967293,34
4294967293,33
4294967293,32
4294967293,31
4294967293,30
4294967293,29
4294967293,28
4294967293,27
4294967293,26
4294967293,25
4294967293,24
4294967293,23
4294967293,22
4294967293,21
4294967293,20
4294967293,19
4294967293,18
4294967293,17
4294967293,16
4294967293,15
4294967293,14
4294967293,13
4294967293,12
4294967293,11
4294967293,10
4294967293,9
4294967293,8
4294967293,7
4294967293,6
4294967293,5
4294967293,4
4294967293,3
4294967293,2
4243767290,0
4243767289,0
4243767288,0
4243767287,0
4243767286,0
4243767285,0
4243767284,0
4243767283,0
4243767282,0
4243767281,0
4294967293,0
4294967279,553
4294967279,283
4294967279,202
4294967279,250
4294967279,203
4294967279,204
4294967279,205
4294967279,89
4294967279,90
4294967279,91
4294967279,92
4294967279,295
4294967279,554
4294967279,520
4294967279,329
4294967279,206
4294967279,207
4294967279,208
4294967279,93
4294967279,209
4294967279,94
4294967279,95
4294967279,522
4294967279,96
4294967279,524
4294967279,210
4294967279,531
4294967279,211
4294967279,212
4294967279,97
4294967279,98
4294967279,213
4294967279,99
4294967279,564
4294967279,100
4294967279,565
4294967279,525
4294967279,214
4294967279,567
4294967279,216
4294967279,215
4294967279,101
4294967279,102
4294967279,103
4294967279,217
4294967279,224
